2305708
2334155
2338630
2307323
2333622
2297200
2306237
2333981
2306232
2297560
2312005
2312251
2308409
2304720
2298544
2305130
2304167
2311287
2298549
2347323
2304754
2343888
2308439
2304758
2306257
2337407
2296496
2298433
2297102
2298672
2310045
2297340
2298678
2340000
2305714
2305832
2307335
2338848
2298685
2307579
2308543
2296947
2296823
2298208
2339936
2341681
2341566
2344038
2297082
2297080
2305221
2296430
2298730
2299148
2306790
2296799
2296555
2310823
2347538
2315281
2298501
2298622
2335559
2296444
2310158
2299155
2304243
2298508
2334905
2332729
2298506
2298504
2311249
2340572
2341543
2340453
2337287
2301206
2298633
2347080
2308876
2334697
2298517
2311576
2298879
2298636
2345578
2299171
2314292
2341539
2298523
2310499
2296461
2338801
2310013
2335774
2315149
2298524
2346536
2336976
2298255
2334555
2310905
2310904
2346650
2348278
2296511
2344587
2297172
2310471
2306867
2298149
2310479
2338902
2338901
2335875
2295317
2313620
2348145
2298825
2348146
2314241
2346878
2348935
2344217
2342278
2315211
2305328
2342959
2298831
2312747
2296895
2309127
2298717
2296779
2345781
2313712
2298712
2296896
2336837
2296534
2243426
2348926
2309112
2299254
2307971
2298606
2298605
2298726
2298724
2335859
2313011
2343106
2345883
2301026
2298690
2342817
2301149
2332699
2297124
2337349
2298572
2314589
2346970
2296954
2313018
2296710
2298337
2312966
2312052
2346604
2344667
2314597
2333096
2307357
2312858
2298464
2344781
2296721
2341264
2314564
2313595
2307705
2298470
2338893
2298599
2334853
2298477
2298476
2312706
2337445
2309441
2314205
2348570
2340170
2347357
2340167
2304304
2309319
2335139
2297157
2306721
2309672