2267709
2297080
2298698
2298730
2297200
2298255
2298572
2293768
2296954
2298658
2296511
2296555
2296313
2298337
2267714
2298501
2298622
2298269
2298544
2298464
2298661
2298263
2298508
2234093
2298506
2298549
2270433
2298702
2298504
2270311
2298667
2298708
2298470
2298390
2298633
2298599
2298433
2298477
2296496
2268298
2298476
2296211
2297102
2297142
2294513
2298517
2270302
2298636
2296896
2298678
2296534
2297304
2269118
2296181
2268822
2298523
2298688
2298685
2297157
2296947
2298606
2298605
2298208
2293311
2298449
2298403
2298524