2284089
2305708
2285053
2280843
2288687
2286389
2302953
2307323
2306237
2301583
2302430
2282978
2306232
1958342
2282055
2308409
2285845
2304720
2306867
2287501
2303635
2295155
2281916
2305130
2304167
2295317
2294741
2279206
2290421
2288548
1621584
2305328
2302853
2283139
2302333
2304754
2308439
2300558
2304758
2288666
2306257
2298678
2285266
2289343
2288771
2305714
2301599
2287201
2305832
2287203
2281342
2307335
2298685
2307579
2299254
2308543
2307971
2299936
2297876
2278044
2301026
2280920
2301149
2305221
2298730
2302475
2306790
2288992
2282656
2299832
2307357
2297893
2274757
2304243
2283180
2299837
2299319
2286688
2288748
2300519
2307705
2301206
2303625
2297783
2280978
2283726
2300593
2287249
2302926
2285740
2301715
2280698
2304304
2303731
2279507
2306721
2299333
2290248